3950 30
11 17 29 51 58 68 85 102 119 136 
153 170 187 204 221 238 255 272 289 306 
323 357 374 391 408 425 442 459 476 493
3951 30
11 17 29 51 58 68 85 102 119 136 
153 170 187 204 221 238 255 272 289 306 
323 357 374 391 408 425 442 459 476 493
3952 30
11 17 29 51 58 68 85 102 119 136 
153 170 187 204 221 238 255 272 289 306 
323 357 374 391 408 425 442 459 476 493
1200 33
3 5 7 8 13 15 16 17 19 20 21 23 
25 26 27 30 31 33 35 37 40 41 49 
50 61 64 67 70 71 73 76 77 78
66 33
15 19 23 27 30 33 37 40 41 49 
50 55 61 64 67 70 71 73 76 77 78
83 85 87 88 93 95 97
120 131 135 140 146 
0 0
